2415853568
1000
308972880
1071443900
933481444
2584545633
1262674892
930160916
1488659750
1957679051
3520065331
2194965988
2181191706
762252796
1185183131
1874982928
2293752628
1880159956
3505993643
1030782000
2251508506
673685784
2170169150
425464189
801698124
1479024244
2302641932
3983295033
2644470243
1486015647
3227637279
2157333730
2027127248
2834736744
77698088
540462259
1206491355
4205460427
1229228978
669170842
3062165859
3235501521
530616792
158653067
2425549499
3634181984
1703576642
2991766304
1872341767
1145734746
4052279457
1417561333
4094924022
2032819017
231281001
3375712866
2597516371
1652307061
1540220943
1681106510
1082876926
1318832886
784612062
971638341
1993779799
47807878
1237380820
2248572947
3359432103
3531562378
3716194908
2924446286
3880534820
2265775820
727679877
886363948
2157518359
85001546
919972785
1577703635
1659069378
2472670855
2126495119
804945629
1147463712
4003678470
1265983443
3706825054
4025973203
1219244717
300393695
4254736690
2263484137
33583343
2589640202
2635170262
2499037486
352689088
1753160122
3221469593
4071028886
2302230840
3361966871
2734235386
3996865333
3755649999
2311969833
3537034901
2060532896
2338069803
4141495683
414600786
3656793725
2486788790
326617085
1496883181
514360274
741620443
2755916117
3462815813
3313865370
395669357
474505216
291875368
2654236004
678001913
3209086734
817841357
361285805
2631010906
2330972793
1478991755
2351134060
395554014
3150782664
2566250318
2543185190
999085698
3313438599
2457146918
176588081
3474281575
1919106865
2626967819
67141937
2643049506
3322203695
3981686520
1981250515
1685063341
1768286549
2629713431
2078573796
3252863651
2031496257
3994379131
2578134160
2195169831
693433608
3970374361
2274692103
1023939657
2224938598
1623744166
1073453801
2560247726
851166028
1915271238
1860079277
775369641
2360568571
1418106970
264631844
2490816076
1483205141
258594948
3249110334
2276568503
491576957
616225988
943687691
1579559569
3660820494
1909569867
2060475109
1360741659
1218077376
3775357859
2253032036
689401442
2595008387
1895606341
2805805483
2808876225
1831695524
1290206911
2547666580
2604091889
1635886642
171441253
3756305652
107149675
2757275147
2399892172
3865237493
3975632922
3706280236
1167101155
4018698984
571806794
1095432313
370551119
4242507952
1522135593
2085541138
1213751860
557195240
4057458048
2976477168
1089260115
3936899682
2969102628
1511289205
3937416709
1331789500
1936743177
445864503
235674367
557257560
3324588715
2847808645
3360074154
21985485
4091769656
2319044626
4036666104
3306307358
1568736207
731565497
232300226
1549792649
2216550429
3021431629
2842679480
3295099646
783959897
3819784530
678836777
4067066555
3133393792
2303275099
45611298
1753193394
1899372438
3805576081
3951425877
1821723056
3616884376
533472391
3421465840
4272993578
953670428
2605684824
638118711
202330112
3513057262
2363291700
1142791884
4124141283
2996693630
1429943220
590791469
3868837082
4280981805
2392674442
193595694
2479606738
1767595241
900845029
4270913949
2502395985
643221060
1783482359
920088533
4093540204
4127248099
3131633997
2003201691
1124273288
1172507836
781500103
3180551523
2184487509
1207181679
4095090604
376527032
3841561049
3488463286
2114947275
1102727580
1478908275
3674350546
2628531645
1651882413
2395762319
2803543407
1660879594
1357881810
635245577
1504304040
585379090
1227311293
540798225
4150648863
1057030390
446214146
992424237
357933384
2389215581
2415234373
1608174664
958867853
2179922381
3557549438
1427948130
3286094210
845591294
1927905093
3131004279
3827792938
1681811681
3130568675
3529094912
2626320414
3367980761
1211769272
4157868552
4219520798
3746615844
3969342287
4008899371
881443193
1121836969
233122037
733843373
2506169534
3146345282
1745649697
2596125120
4210282585
277193976
2933110045
3049994657
2450573190
2867145134
3645109440
2814053741
3934125605
3188722163
2478344468
2517558420
1307313273
1155782969
2187974914
4093738797
663809923
1641006679
4239085427
2898554995
252640296
1908682050
3953079930
3960316123
2893349902
3366044564
3683642455
2619057125
2063564247
540010189
3083467093
1212499564
1133742443
3978502536
2623922850
4274738694
4111562543
2293482204
1391277886
39670369
3444534479
1744605681
2461809077
3466165665
144718858
1925000148
1530032422
3179810233
1926606413
1381976382
3174231247
2780778
4088247600
4038302640
2408588032
2379038480
549515446
3408056027
654144250
3638047990
320393162
2784330491
2938583990
2983656546
1278848091
2041046747
3526409714
3112695291
1702300306
2390803137
1547119262
4102858368
3216622859
3820532818
3113698377
647522847
1203065343
1543687142
652019894
3352780065
4153211884
4281868143
3611141216
24973026
2257071285
2702531460
858491183
3164550234
3112551603
624113268
3057940318
1755993929
2444757410
4243505505
2005483424
1833489931
1870910156
3517370883
3717015980
2672615287
1033762565
1284499078
1401053909
3245241770
1405557230
146681772
3398145873
1598168773
3009822001
3600261065
3272792599
3446239184
1468344774
3582510231
703415014
2904810687
1625357882
511046572
1161372408
955349242
254720648
1470016013
2805265030
930928281
2184500232
2065224695
2042973567
2711973740
4184148421
2864594006
2150087079
2940413102
1650775728
2337411454
4155027782
1722207961
2345465396
1020596284
3980726928
3210892879
1320112510
214519397
2617024080
4146978241
3403412260
1025086643
4055570286
1549539688
3166647309
3450518919
765887469
1011133534
595106255
3899232203
1134393284
3783416292
4022011977
3132697881
590129697
2116088772
3079805559
2226786569
1594184734
320920657
3224193211
1506811789
2426227460
845205180
1110762952
1939074128
3856204414
4155520887
2030036476
3186765124
1205530404
1539863708
2714041452
2451792689
1006507379
1643491512
1958968194
3350159054
4259821178
2237342987
363643289
3450373570
1738546146
542322699
1619632387
1362558742
3170690918
661597362
4038066097
2893801499
1537739436
3108769805
3084239659
552339134
504838340
1859640114
3708019358
3555624262
1203131857
2818217870
1466457445
2996693630
1429943220
590791469
3868837082
4280981805
2392674442
193595694
2479606738
1767595241
900845029
4270913949
2502395985
643221060
1783482359
920088533
4093540204
4127248099
3131633997
2003201691
1124273288
1172507836
781500103
3180551523
2184487509
1207181679
4095090604
376527032
3841561049
3488463286
2114947275
1102727580
1478908275
3674350546
2628531645
1651882413
2395762319
2803543407
1660879594
1357881810
635245577
1504304040
585379090
1227311293
540798225
4150648863
1057030390
446214146
992424237
357933384
2389215581
2415234373
1608174664
958867853
2179922381
3557549438
1427948130
3286094210
845591294
1927905093
3131004279
3827792938
1681811681
3130568675
3529094912
2626320414
3367980761
1211769272
4157868552
4219520798
3746615844
3969342287
TLAST
4008899371
268369921
1000
308972880
1071443900
933481444
2584545633
1262674892
930160916
1488659750
1957679051
3520065331
2194965988
2181191706
762252796
1185183131
1874982928
2293752628
1880159956
3505993643
1030782000
2251508506
673685784
2170169150
425464189
801698124
1479024244
2302641932
3983295033
2644470243
1486015647
3227637279
2157333730
2027127248
2834736744
77698088
540462259
1206491355
4205460427
1229228978
669170842
3062165859
3235501521
530616792
158653067
2425549499
3634181984
1703576642
2991766304
1872341767
1145734746
4052279457
1417561333
4094924022
2032819017
231281001
3375712866
2597516371
1652307061
1540220943
1681106510
1082876926
1318832886
784612062
971638341
1993779799
47807878
1237380820
2248572947
3359432103
3531562378
3716194908
2924446286
3880534820
2265775820
727679877
886363948
2157518359
85001546
919972785
1577703635
1659069378
2472670855
2126495119
804945629
1147463712
4003678470
1265983443
3706825054
4025973203
1219244717
300393695
4254736690
2263484137
33583343
2589640202
2635170262
2499037486
352689088
1753160122
3221469593
4071028886
2302230840
3361966871
2734235386
3996865333
3755649999
2311969833
3537034901
2060532896
2338069803
4141495683
414600786
3656793725
2486788790
326617085
1496883181
514360274
741620443
2755916117
3462815813
3313865370
395669357
474505216
291875368
2654236004
678001913
3209086734
817841357
361285805
2631010906
2330972793
1478991755
2351134060
395554014
3150782664
2566250318
2543185190
999085698
3313438599
2457146918
176588081
3474281575
1919106865
2626967819
67141937
2643049506
3322203695
3981686520
1981250515
1685063341
1768286549
2629713431
2078573796
3252863651
2031496257
3994379131
2578134160
2195169831
693433608
3970374361
2274692103
1023939657
2224938598
1623744166
1073453801
2560247726
851166028
1915271238
1860079277
775369641
2360568571
1418106970
264631844
2490816076
1483205141
258594948
3249110334
2276568503
491576957
616225988
943687691
1579559569
3660820494
1909569867
2060475109
1360741659
1218077376
3775357859
2253032036
689401442
2595008387
1895606341
2805805483
2808876225
1831695524
1290206911
2547666580
2604091889
1635886642
171441253
3756305652
107149675
2757275147
2399892172
3865237493
3975632922
3706280236
1167101155
4018698984
571806794
1095432313
370551119
4242507952
1522135593
2085541138
1213751860
557195240
4057458048
2976477168
1089260115
3936899682
2969102628
1511289205
3937416709
1331789500
1936743177
445864503
235674367
557257560
3324588715
2847808645
3360074154
21985485
4091769656
2319044626
4036666104
3306307358
1568736207
731565497
232300226
1549792649
2216550429
3021431629
2842679480
3295099646
783959897
3819784530
678836777
4067066555
3133393792
2303275099
45611298
1753193394
1899372438
3805576081
3951425877
1821723056
3616884376
533472391
3421465840
4272993578
953670428
2605684824
638118711
202330112
3513057262
2363291700
1142791884
4124141283
2996693630
1429943220
590791469
3868837082
4280981805
2392674442
193595694
2479606738
1767595241
900845029
4270913949
2502395985
643221060
1783482359
920088533
4093540204
4127248099
3131633997
2003201691
1124273288
1172507836
781500103
3180551523
2184487509
1207181679
4095090604
376527032
3841561049
3488463286
2114947275
1102727580
1478908275
3674350546
2628531645
1651882413
2395762319
2803543407
1660879594
1357881810
635245577
1504304040
585379090
1227311293
540798225
4150648863
1057030390
446214146
992424237
357933384
2389215581
2415234373
1608174664
958867853
2179922381
3557549438
1427948130
3286094210
845591294
1927905093
3131004279
3827792938
1681811681
3130568675
3529094912
2626320414
3367980761
1211769272
4157868552
4219520798
3746615844
3969342287
4008899371
881443193
1121836969
233122037
733843373
2506169534
3146345282
1745649697
2596125120
4210282585
277193976
2933110045
3049994657
2450573190
2867145134
3645109440
2814053741
3934125605
3188722163
2478344468
2517558420
1307313273
1155782969
2187974914
4093738797
663809923
1641006679
4239085427
2898554995
252640296
1908682050
3953079930
3960316123
2893349902
3366044564
3683642455
2619057125
2063564247
540010189
3083467093
1212499564
1133742443
3978502536
2623922850
4274738694
4111562543
2293482204
1391277886
39670369
3444534479
1744605681
2461809077
3466165665
144718858
1925000148
1530032422
3179810233
1926606413
1381976382
3174231247
2780778
4088247600
4038302640
2408588032
2379038480
549515446
3408056027
654144250
3638047990
320393162
2784330491
2938583990
2983656546
1278848091
2041046747
3526409714
3112695291
1702300306
2390803137
1547119262
4102858368
3216622859
3820532818
3113698377
647522847
1203065343
1543687142
652019894
3352780065
4153211884
4281868143
3611141216
24973026
2257071285
2702531460
858491183
3164550234
3112551603
624113268
3057940318
1755993929
2444757410
4243505505
2005483424
1833489931
1870910156
3517370883
3717015980
2672615287
1033762565
1284499078
1401053909
3245241770
1405557230
146681772
3398145873
1598168773
3009822001
3600261065
3272792599
3446239184
1468344774
3582510231
703415014
2904810687
1625357882
511046572
1161372408
955349242
254720648
1470016013
2805265030
930928281
2184500232
2065224695
2042973567
2711973740
4184148421
2864594006
2150087079
2940413102
1650775728
2337411454
4155027782
1722207961
2345465396
1020596284
3980726928
3210892879
1320112510
214519397
2617024080
4146978241
3403412260
1025086643
4055570286
1549539688
3166647309
3450518919
765887469
1011133534
595106255
3899232203
1134393284
3783416292
4022011977
3132697881
590129697
2116088772
3079805559
2226786569
1594184734
320920657
3224193211
1506811789
2426227460
845205180
1110762952
1939074128
3856204414
4155520887
2030036476
3186765124
1205530404
1539863708
2714041452
2451792689
1006507379
1643491512
1958968194
3350159054
4259821178
2237342987
363643289
3450373570
1738546146
542322699
1619632387
1362558742
3170690918
661597362
4038066097
2893801499
1537739436
3108769805
3084239659
552339134
504838340
1859640114
3708019358
3555624262
1203131857
2818217870
1466457445
2996693630
1429943220
590791469
3868837082
4280981805
2392674442
193595694
2479606738
1767595241
900845029
4270913949
2502395985
643221060
1783482359
920088533
4093540204
4127248099
3131633997
2003201691
1124273288
1172507836
781500103
3180551523
2184487509
1207181679
4095090604
376527032
3841561049
3488463286
2114947275
1102727580
1478908275
3674350546
2628531645
1651882413
2395762319
2803543407
1660879594
1357881810
635245577
1504304040
585379090
1227311293
540798225
4150648863
1057030390
446214146
992424237
357933384
2389215581
2415234373
1608174664
958867853
2179922381
3557549438
1427948130
3286094210
845591294
1927905093
3131004279
3827792938
1681811681
3130568675
3529094912
2626320414
3367980761
1211769272
4157868552
4219520798
3746615844
3969342287
TLAST
4008899371
